%YAML:1.0
---
K: !!opencv-matrix
   rows: 3
   cols: 3
   dt: d
   data: [ 3.5585218285513452e+03, 0., 1.2366494432137408e+03, 0.,
       3.3662792309335236e+03, 1.7179629525890291e+03, 0., 0., 1. ]
D: !!opencv-matrix
   rows: 1
   cols: 5
   dt: d
   data: [ 1.5130654452231099e-01, -1.0223431885374794e+00,
       -2.8609062285053475e-02, -2.5669346077623521e-02,
       1.7032724267721706e+00 ]
