%YAML:1.0
---
K: !!opencv-matrix
   rows: 3
   cols: 3
   dt: d
   data: [ 1.1046106361478035e+03, 0., 6.4508972136415696e+02, 0.,
       1.1040048780952470e+03, 3.5373623131107468e+02, 0., 0., 1. ]
D: !!opencv-matrix
   rows: 1
   cols: 5
   dt: d
   data: [ 2.7939788820808931e-01, -1.5395359973279650e+00,
       -1.9159009487267912e-03, 1.6678745305188554e-03,
       2.7715739023860717e+00 ]
